
settings timebank 10000

settings time_per_move 500

settings player_names player1,player2

settings your_bot player1

settings field_width 10

settings field_height 20

Round 1

update game round 1

update game this_piece_type L

update game next_piece_type S

update game this_piece_position 3,-1

update player1 row_points 0

update player1 combo 0

update player1 field 0,0,0,1,1,1,0,0,0,0;0,0,0,0,0,0,0,0,0,0;0,0,0,0,0,0,0,0,0,0;0,0,0,0,0,0,0,0,0,0;0,0,0,0,0,0,0,0,0,0;0,0,0,0,0,0,0,0,0,0;0,0,0,0,0,0,0,0,0,0;0,0,0,0,0,0,0,0,0,0;0,0,0,0,0,0,0,0,0,0;0,0,0,0,0,0,0,0,0,0;0,0,0,0,0,0,0,0,0,0;0,0,0,0,0,0,0,0,0,0;0,0,0,0,0,0,0,0,0,0;0,0,0,0,0,0,0,0,0,0;0,0,0,0,0,0,0,0,0,0;0,0,0,0,0,0,0,0,0,0;0,0,0,0,0,0,0,0,0,0;0,0,0,0,0,0,0,0,0,0;0,0,0,0,0,0,0,0,0,0;0,0,0,0,0,0,0,0,0,0

update player2 field 0,0,0,1,1,1,0,0,0,0;0,0,0,0,0,0,0,0,0,0;0,0,0,0,0,0,0,0,0,0;0,0,0,0,0,0,0,0,0,0;0,0,0,0,0,0,0,0,0,0;0,0,0,0,0,0,0,0,0,0;0,0,0,0,0,0,0,0,0,0;0,0,0,0,0,0,0,0,0,0;0,0,0,0,0,0,0,0,0,0;0,0,0,0,0,0,0,0,0,0;0,0,0,0,0,0,0,0,0,0;0,0,0,0,0,0,0,0,0,0;0,0,0,0,0,0,0,0,0,0;0,0,0,0,0,0,0,0,0,0;0,0,0,0,0,0,0,0,0,0;0,0,0,0,0,0,0,0,0,0;0,0,0,0,0,0,0,0,0,0;0,0,0,0,0,0,0,0,0,0;0,0,0,0,0,0,0,0,0,0;0,0,0,0,0,0,0,0,0,0

update player2 row_points 0

update player2 combo 0

action moves 10000

Output from your bot: "left,right,right,left,drop"

Round 2

update game round 2

update game this_piece_type S

update game next_piece_type Z

update game this_piece_position 3,-1

update player1 row_points 0

update player1 combo 0

update player1 field 0,0,0,1,1,0,0,0,0,0;0,0,0,0,0,0,0,0,0,0;0,0,0,0,0,0,0,0,0,0;0,0,0,0,0,0,0,0,0,0;0,0,0,0,0,0,0,0,0,0;0,0,0,0,0,0,0,0,0,0;0,0,0,0,0,0,0,0,0,0;0,0,0,0,0,0,0,0,0,0;0,0,0,0,0,0,0,0,0,0;0,0,0,0,0,0,0,0,0,0;0,0,0,0,0,0,0,0,0,0;0,0,0,0,0,0,0,0,0,0;0,0,0,0,0,0,0,0,0,0;0,0,0,0,0,0,0,0,0,0;0,0,0,0,0,0,0,0,0,0;0,0,0,0,0,0,0,0,0,0;0,0,0,0,0,0,0,0,0,0;0,0,0,0,0,0,0,0,0,0;0,0,0,0,0,2,0,0,0,0;0,0,0,2,2,2,0,0,0,0

update player2 field 0,0,0,1,1,0,0,0,0,0;0,0,0,0,0,0,0,0,0,0;0,0,0,0,0,0,0,0,0,0;0,0,0,0,0,0,0,0,0,0;0,0,0,0,0,0,0,0,0,0;0,0,0,0,0,0,0,0,0,0;0,0,0,0,0,0,0,0,0,0;0,0,0,0,0,0,0,0,0,0;0,0,0,0,0,0,0,0,0,0;0,0,0,0,0,0,0,0,0,0;0,0,0,0,0,0,0,0,0,0;0,0,0,0,0,0,0,0,0,0;0,0,0,0,0,0,0,0,0,0;0,0,0,0,0,0,0,0,0,0;0,0,0,0,0,0,0,0,0,0;0,0,0,0,0,0,0,0,0,0;0,0,0,0,0,0,0,0,0,0;0,0,0,0,2,0,0,0,0,0;0,0,0,0,2,0,0,0,0,0;0,0,0,0,2,2,0,0,0,0

update player2 row_points 0

update player2 combo 0

action moves 10000

Output from your bot: "left,right,right,left,drop"

Round 3

update game round 3

update game this_piece_type Z

update game next_piece_type Z

update game this_piece_position 3,-1

update player1 row_points 0

update player1 combo 0

update player1 field 0,0,0,0,1,1,0,0,0,0;0,0,0,0,0,0,0,0,0,0;0,0,0,0,0,0,0,0,0,0;0,0,0,0,0,0,0,0,0,0;0,0,0,0,0,0,0,0,0,0;0,0,0,0,0,0,0,0,0,0;0,0,0,0,0,0,0,0,0,0;0,0,0,0,0,0,0,0,0,0;0,0,0,0,0,0,0,0,0,0;0,0,0,0,0,0,0,0,0,0;0,0,0,0,0,0,0,0,0,0;0,0,0,0,0,0,0,0,0,0;0,0,0,0,0,0,0,0,0,0;0,0,0,0,0,0,0,0,0,0;0,0,0,0,0,0,0,0,0,0;0,0,0,0,0,0,0,0,0,0;0,0,0,0,0,0,0,0,0,0;0,0,0,0,2,2,0,0,0,0;0,0,0,2,2,2,0,0,0,0;0,0,0,2,2,2,0,0,0,0

update player2 field 0,0,0,0,1,1,0,0,0,0;0,0,0,0,0,0,0,0,0,0;0,0,0,0,0,0,0,0,0,0;0,0,0,0,0,0,0,0,0,0;0,0,0,0,0,0,0,0,0,0;0,0,0,0,0,0,0,0,0,0;0,0,0,0,0,0,0,0,0,0;0,0,0,0,0,0,0,0,0,0;0,0,0,0,0,0,0,0,0,0;0,0,0,0,0,0,0,0,0,0;0,0,0,0,0,0,0,0,0,0;0,0,0,0,0,0,0,0,0,0;0,0,0,0,0,0,0,0,0,0;0,0,0,0,0,0,0,0,0,0;0,0,0,2,0,0,0,0,0,0;0,0,0,2,2,0,0,0,0,0;0,0,0,0,2,0,0,0,0,0;0,0,0,0,2,0,0,0,0,0;0,0,0,0,2,0,0,0,0,0;0,0,0,0,2,2,0,0,0,0

update player2 row_points 0

update player2 combo 0

action moves 10000

Output from your bot: "left,right,right,left,drop"

Round 4

update game round 4

update game this_piece_type Z

update game next_piece_type J

update game this_piece_position 3,-1

update player1 row_points 0

update player1 combo 0

update player1 field 0,0,0,0,1,1,0,0,0,0;0,0,0,0,0,0,0,0,0,0;0,0,0,0,0,0,0,0,0,0;0,0,0,0,0,0,0,0,0,0;0,0,0,0,0,0,0,0,0,0;0,0,0,0,0,0,0,0,0,0;0,0,0,0,0,0,0,0,0,0;0,0,0,0,0,0,0,0,0,0;0,0,0,0,0,0,0,0,0,0;0,0,0,0,0,0,0,0,0,0;0,0,0,0,0,0,0,0,0,0;0,0,0,0,0,0,0,0,0,0;0,0,0,0,0,0,0,0,0,0;0,0,0,0,0,0,0,0,0,0;0,0,0,0,0,0,0,0,0,0;0,0,0,2,2,0,0,0,0,0;0,0,0,0,2,2,0,0,0,0;0,0,0,0,2,2,0,0,0,0;0,0,0,2,2,2,0,0,0,0;0,0,0,2,2,2,0,0,0,0

update player2 field 0,0,0,0,1,1,0,0,0,0;0,0,0,0,0,0,0,0,0,0;0,0,0,0,0,0,0,0,0,0;0,0,0,0,0,0,0,0,0,0;0,0,0,0,0,0,0,0,0,0;0,0,0,0,0,0,0,0,0,0;0,0,0,0,0,0,0,0,0,0;0,0,0,0,0,0,0,0,0,0;0,0,0,0,0,0,0,0,0,0;0,0,0,0,0,0,0,0,0,0;0,0,0,0,0,0,0,0,0,0;0,0,0,0,0,0,0,0,0,0;0,0,0,0,0,0,0,0,0,0;0,0,0,0,0,0,0,0,0,0;0,0,0,2,0,0,0,0,0,0;0,0,0,2,2,0,0,0,0,0;0,0,0,0,2,0,0,0,0,0;0,2,0,0,2,0,0,0,0,0;2,2,0,0,2,0,0,0,0,0;2,0,0,0,2,2,0,0,0,0

update player2 row_points 0

update player2 combo 0

action moves 10000

Output from your bot: "left,right,right,left,drop"

Round 5

update game round 5

update game this_piece_type J

update game next_piece_type L

update game this_piece_position 3,-1

update player1 row_points 0

update player1 combo 0

update player1 field 0,0,0,1,1,1,0,0,0,0;0,0,0,0,0,0,0,0,0,0;0,0,0,0,0,0,0,0,0,0;0,0,0,0,0,0,0,0,0,0;0,0,0,0,0,0,0,0,0,0;0,0,0,0,0,0,0,0,0,0;0,0,0,0,0,0,0,0,0,0;0,0,0,0,0,0,0,0,0,0;0,0,0,0,0,0,0,0,0,0;0,0,0,0,0,0,0,0,0,0;0,0,0,0,0,0,0,0,0,0;0,0,0,0,0,0,0,0,0,0;0,0,0,0,0,0,0,0,0,0;0,0,0,2,2,0,0,0,0,0;0,0,0,0,2,2,0,0,0,0;0,0,0,2,2,0,0,0,0,0;0,0,0,0,2,2,0,0,0,0;0,0,0,0,2,2,0,0,0,0;0,0,0,2,2,2,0,0,0,0;0,0,0,2,2,2,0,0,0,0

update player2 field 0,0,0,1,1,1,0,0,0,0;0,0,0,0,0,0,0,0,0,0;0,0,0,0,0,0,0,0,0,0;0,0,0,0,0,0,0,0,0,0;0,0,0,0,0,0,0,0,0,0;0,0,0,0,0,0,0,0,0,0;0,0,0,0,0,0,0,0,0,0;0,0,0,0,0,0,0,0,0,0;0,0,0,0,0,0,0,0,0,0;0,0,0,0,0,0,0,0,0,0;0,0,0,0,0,0,0,0,0,0;0,0,0,0,0,0,0,0,0,0;0,0,0,0,0,0,0,0,0,0;0,0,0,0,0,0,0,0,0,0;0,0,0,2,0,0,0,0,0,0;0,0,0,2,2,0,0,0,0,0;0,0,0,0,2,0,0,0,0,0;0,2,0,0,2,0,0,0,2,0;2,2,0,0,2,0,0,2,2,0;2,0,0,0,2,2,0,2,0,0

update player2 row_points 0

update player2 combo 0

action moves 10000

Output from your bot: "left,right,right,left,drop"

Round 6

update game round 6

update game this_piece_type L

update game next_piece_type Z

update game this_piece_position 3,-1

update player1 row_points 0

update player1 combo 0

update player1 field 0,0,0,1,1,1,0,0,0,0;0,0,0,0,0,0,0,0,0,0;0,0,0,0,0,0,0,0,0,0;0,0,0,0,0,0,0,0,0,0;0,0,0,0,0,0,0,0,0,0;0,0,0,0,0,0,0,0,0,0;0,0,0,0,0,0,0,0,0,0;0,0,0,0,0,0,0,0,0,0;0,0,0,0,0,0,0,0,0,0;0,0,0,0,0,0,0,0,0,0;0,0,0,0,0,0,0,0,0,0;0,0,0,2,0,0,0,0,0,0;0,0,0,2,2,2,0,0,0,0;0,0,0,2,2,0,0,0,0,0;0,0,0,0,2,2,0,0,0,0;0,0,0,2,2,0,0,0,0,0;0,0,0,0,2,2,0,0,0,0;0,0,0,0,2,2,0,0,0,0;0,0,0,2,2,2,0,0,0,0;0,0,0,2,2,2,0,0,0,0

update player2 field 0,0,0,1,1,1,0,0,0,0;0,0,0,0,0,0,0,0,0,0;0,0,0,0,0,0,0,0,0,0;0,0,0,0,0,0,0,0,0,0;0,0,0,0,0,0,0,0,0,0;0,0,0,0,0,0,0,0,0,0;0,0,0,0,0,0,0,0,0,0;0,0,0,0,0,0,0,0,0,0;0,0,0,0,0,0,0,0,0,0;0,0,0,0,0,0,0,0,0,0;0,0,0,0,0,0,0,0,0,0;0,0,0,0,0,0,0,0,0,0;0,0,0,0,0,0,0,0,0,0;0,0,2,2,2,0,0,0,0,0;0,0,0,2,2,0,0,0,0,0;0,0,0,2,2,0,0,0,0,0;0,0,0,0,2,0,0,0,0,0;0,2,0,0,2,0,0,0,2,0;2,2,0,0,2,0,0,2,2,0;2,0,0,0,2,2,0,2,0,0

update player2 row_points 0

update player2 combo 0

action moves 10000

Output from your bot: "left,right,right,left,drop"

Round 7

update game round 7

update game this_piece_type Z

update game next_piece_type J

update game this_piece_position 3,-1

update player1 row_points 0

update player1 combo 0

update player1 field 0,0,0,0,1,1,0,0,0,0;0,0,0,0,0,0,0,0,0,0;0,0,0,0,0,0,0,0,0,0;0,0,0,0,0,0,0,0,0,0;0,0,0,0,0,0,0,0,0,0;0,0,0,0,0,0,0,0,0,0;0,0,0,0,0,0,0,0,0,0;0,0,0,0,0,0,0,0,0,0;0,0,0,0,0,0,0,0,0,0;0,0,0,0,0,2,0,0,0,0;0,0,0,2,2,2,0,0,0,0;0,0,0,2,0,0,0,0,0,0;0,0,0,2,2,2,0,0,0,0;0,0,0,2,2,0,0,0,0,0;0,0,0,0,2,2,0,0,0,0;0,0,0,2,2,0,0,0,0,0;0,0,0,0,2,2,0,0,0,0;0,0,0,0,2,2,0,0,0,0;0,0,0,2,2,2,0,0,0,0;0,0,0,2,2,2,0,0,0,0

update player2 field 0,0,0,0,1,1,0,0,0,0;0,0,0,0,0,0,0,0,0,0;0,0,0,0,0,0,0,0,0,0;0,0,0,0,0,0,0,0,0,0;0,0,0,0,0,0,0,0,0,0;0,0,0,0,0,0,0,0,0,0;0,0,0,0,0,0,0,0,0,0;0,0,0,0,0,0,0,0,0,0;0,0,0,0,0,0,0,0,0,0;0,0,0,0,0,0,0,0,0,0;0,0,0,0,0,0,0,0,0,0;0,0,0,0,0,0,0,0,0,0;0,0,0,0,0,0,0,0,0,0;0,0,2,2,2,0,0,0,0,0;0,0,0,2,2,0,0,2,2,0;0,0,0,2,2,0,0,0,2,0;0,0,0,0,2,0,0,0,2,0;0,2,0,0,2,0,0,0,2,0;2,2,0,0,2,0,0,2,2,0;2,0,0,0,2,2,0,2,0,0

update player2 row_points 0

update player2 combo 0

action moves 10000

Output from your bot: "left,right,right,left,drop"

Round 8

update game round 8

update game this_piece_type J

update game next_piece_type J

update game this_piece_position 3,-1

update player1 row_points 0

update player1 combo 0

update player1 field 0,0,0,1,1,1,0,0,0,0;0,0,0,0,0,0,0,0,0,0;0,0,0,0,0,0,0,0,0,0;0,0,0,0,0,0,0,0,0,0;0,0,0,0,0,0,0,0,0,0;0,0,0,0,0,0,0,0,0,0;0,0,0,0,0,0,0,0,0,0;0,0,0,2,2,0,0,0,0,0;0,0,0,0,2,2,0,0,0,0;0,0,0,0,0,2,0,0,0,0;0,0,0,2,2,2,0,0,0,0;0,0,0,2,0,0,0,0,0,0;0,0,0,2,2,2,0,0,0,0;0,0,0,2,2,0,0,0,0,0;0,0,0,0,2,2,0,0,0,0;0,0,0,2,2,0,0,0,0,0;0,0,0,0,2,2,0,0,0,0;0,0,0,0,2,2,0,0,0,0;0,0,0,2,2,2,0,0,0,0;0,0,0,2,2,2,0,0,0,0

update player2 field 0,0,0,1,1,1,0,0,0,0;0,0,0,0,0,0,0,0,0,0;0,0,0,0,0,0,0,0,0,0;0,0,0,0,0,0,0,0,0,0;0,0,0,0,0,0,0,0,0,0;0,0,0,0,0,0,0,0,0,0;0,0,0,0,0,0,0,0,0,0;0,0,0,0,0,0,0,0,0,0;0,0,0,0,0,0,0,0,0,0;0,0,0,0,0,0,0,0,0,0;0,0,0,2,0,0,0,0,0,0;0,0,2,2,0,0,0,0,0,0;0,0,2,0,0,0,0,0,0,0;0,0,2,2,2,0,0,0,0,0;0,0,0,2,2,0,0,2,2,0;0,0,0,2,2,0,0,0,2,0;0,0,0,0,2,0,0,0,2,0;0,2,0,0,2,0,0,0,2,0;2,2,0,0,2,0,0,2,2,0;2,0,0,0,2,2,0,2,0,0

update player2 row_points 0

update player2 combo 0

action moves 10000

Output from your bot: "left,right,right,left,drop"

Round 9

update game round 9

update game this_piece_type J

update game next_piece_type J

update game this_piece_position 3,-1

update player1 row_points 0

update player1 combo 0

update player1 field 0,0,0,1,1,1,0,0,0,0;0,0,0,0,0,0,0,0,0,0;0,0,0,0,0,0,0,0,0,0;0,0,0,0,0,0,0,0,0,0;0,0,0,0,0,0,0,0,0,0;0,0,0,2,0,0,0,0,0,0;0,0,0,2,2,2,0,0,0,0;0,0,0,2,2,0,0,0,0,0;0,0,0,0,2,2,0,0,0,0;0,0,0,0,0,2,0,0,0,0;0,0,0,2,2,2,0,0,0,0;0,0,0,2,0,0,0,0,0,0;0,0,0,2,2,2,0,0,0,0;0,0,0,2,2,0,0,0,0,0;0,0,0,0,2,2,0,0,0,0;0,0,0,2,2,0,0,0,0,0;0,0,0,0,2,2,0,0,0,0;0,0,0,0,2,2,0,0,0,0;0,0,0,2,2,2,0,0,0,0;0,0,0,2,2,2,0,0,0,0

update player2 field 0,0,0,1,1,1,0,0,0,0;0,0,0,0,0,0,0,0,0,0;0,0,0,0,0,0,0,0,0,0;0,0,0,0,0,0,0,0,0,0;0,0,0,0,0,0,0,0,0,0;0,0,0,0,0,0,0,0,0,0;0,0,0,0,0,0,0,0,0,0;0,0,0,0,0,0,0,0,0,0;0,0,0,0,0,0,0,0,0,0;0,0,0,0,0,0,0,0,0,0;0,0,0,2,0,0,0,0,0,0;0,0,2,2,0,0,0,0,0,0;0,0,2,0,0,0,0,0,0,0;0,0,2,2,2,0,0,2,2,2;0,0,0,2,2,0,0,2,2,2;0,0,0,2,2,0,0,0,2,0;0,0,0,0,2,0,0,0,2,0;0,2,0,0,2,0,0,0,2,0;2,2,0,0,2,0,0,2,2,0;2,0,0,0,2,2,0,2,0,0

update player2 row_points 0

update player2 combo 0

action moves 10000

Output from your bot: "left,right,right,left,drop"

Round 10

update game round 10

update game this_piece_type J

update game next_piece_type Z

update game this_piece_position 3,-1

update player1 row_points 0

update player1 combo 0

update player1 field 0,0,0,1,1,1,0,0,0,0;0,0,0,0,0,0,0,0,0,0;0,0,0,0,0,0,0,0,0,0;0,0,0,2,0,0,0,0,0,0;0,0,0,2,2,2,0,0,0,0;0,0,0,2,0,0,0,0,0,0;0,0,0,2,2,2,0,0,0,0;0,0,0,2,2,0,0,0,0,0;0,0,0,0,2,2,0,0,0,0;0,0,0,0,0,2,0,0,0,0;0,0,0,2,2,2,0,0,0,0;0,0,0,2,0,0,0,0,0,0;0,0,0,2,2,2,0,0,0,0;0,0,0,2,2,0,0,0,0,0;0,0,0,0,2,2,0,0,0,0;0,0,0,2,2,0,0,0,0,0;0,0,0,0,2,2,0,0,0,0;0,0,0,0,2,2,0,0,0,0;0,0,0,2,2,2,0,0,0,0;0,0,0,2,2,2,0,0,0,0

update player2 field 0,0,0,1,1,1,0,0,0,0;0,0,0,0,0,0,0,0,0,0;0,0,0,0,0,0,0,0,0,0;0,0,0,0,0,0,0,0,0,0;0,0,0,0,0,0,0,0,0,0;0,0,0,0,0,0,0,0,0,0;0,0,0,0,0,0,0,0,0,0;0,0,0,0,0,0,0,0,0,0;0,0,0,0,0,0,0,0,0,0;0,0,0,0,0,0,0,0,0,0;0,0,0,2,0,0,0,0,0,0;0,0,2,2,2,0,0,0,0,0;0,0,2,0,2,2,2,0,0,0;0,0,2,2,2,0,0,2,2,2;0,0,0,2,2,0,0,2,2,2;0,0,0,2,2,0,0,0,2,0;0,0,0,0,2,0,0,0,2,0;0,2,0,0,2,0,0,0,2,0;2,2,0,0,2,0,0,2,2,0;2,0,0,0,2,2,0,2,0,0

update player2 row_points 0

update player2 combo 0

action moves 10000

Output from your bot: "left,right,right,left,drop"

Round 11

update game round 11

update game this_piece_type Z

update game next_piece_type Z

update game this_piece_position 3,-1

update player1 row_points 0

update player1 combo 0

update player1 field 0,0,0,0,1,1,0,0,0,0;0,0,0,2,0,0,0,0,0,0;0,0,0,2,2,2,0,0,0,0;0,0,0,2,0,0,0,0,0,0;0,0,0,2,2,2,0,0,0,0;0,0,0,2,0,0,0,0,0,0;0,0,0,2,2,2,0,0,0,0;0,0,0,2,2,0,0,0,0,0;0,0,0,0,2,2,0,0,0,0;0,0,0,0,0,2,0,0,0,0;0,0,0,2,2,2,0,0,0,0;0,0,0,2,0,0,0,0,0,0;0,0,0,2,2,2,0,0,0,0;0,0,0,2,2,0,0,0,0,0;0,0,0,0,2,2,0,0,0,0;0,0,0,2,2,0,0,0,0,0;0,0,0,0,2,2,0,0,0,0;0,0,0,0,2,2,0,0,0,0;0,0,0,2,2,2,0,0,0,0;0,0,0,2,2,2,0,0,0,0

update player2 field 0,0,0,0,1,1,0,0,0,0;0,0,0,0,0,0,0,0,0,0;0,0,0,0,0,0,0,0,0,0;0,0,0,0,0,0,0,0,0,0;0,0,0,0,0,0,0,0,0,0;0,0,0,0,0,0,0,0,0,0;0,0,0,0,0,0,0,0,0,0;0,0,0,0,0,0,0,0,0,0;0,0,0,0,0,2,0,0,0,0;0,0,0,0,0,2,0,0,0,0;0,0,0,2,2,2,0,0,0,0;0,0,2,2,2,0,0,0,0,0;0,0,2,0,2,2,2,0,0,0;0,0,2,2,2,0,0,2,2,2;0,0,0,2,2,0,0,2,2,2;0,0,0,2,2,0,0,0,2,0;0,0,0,0,2,0,0,0,2,0;0,2,0,0,2,0,0,0,2,0;2,2,0,0,2,0,0,2,2,0;2,0,0,0,2,2,0,2,0,0

update player2 row_points 0

update player2 combo 0

action moves 10000

Output from your bot: "left,right,right,left,drop"

Round 12
